Distancias A                         
B 10165 B                        
C 18760 16114 C                       
D 19808 10459 6866 D                      
E 16105 16416 5058 7874 E                     
F 9434 5201 16358 13775 22794 F                    
G 1142 9818 18113 19576 17198 7978 G                   
H 8457 1263 21021 12329 20175 4715 8172 H                  
I 18599 16143 2309 6445 3845 15652 19238 17274 I                 
J 17985 12282 5440 2923 9146 12249 17848 12129 5847 J                
K 8729 4219 22441 11744 16648 8683 6338 3877 19476 15175 K               
L 12030 19434 7582 14483 5552 19257 11194 19748 8707 13437 18097 L              
M 18495 11222 7778 2372 7259 14772 18348 12656 5989 5195 11161 14140 M             
N 18714 15173 3016 4277 5926 15699 23014 17613 2343 2939 17726 9852 4912 N            
O 7642 14216 13764 17494 8502 15997 7357 14477 13652 18585 11925 6427 15646 15748 O           
P 1262 8419 17986 19741 18602 8568 1723 9336 21085 20679 9185 11414 20824 20250 8757 P          
Q 8948 2497 17946 11869 17657 3703 7097 1222 19596 11745 5179 19404 12217 16541 16325 8429 Q         
R 16059 19753 3032 10488 5242 17883 17343 21078 5401 7649 20333 3636 11074 7153 10035 14157 17746 R        
S 19382 14174 3517 4519 3532 18012 19928 15031 879 4746 19065 9191 4346 1854 14179 22911 15748 5571 S       
T 24189 15097 3380 4028 5755 12898 21610 15012 2220 2854 16782 11357 4459 629 14567 22390 14804 7443 1622 T      
U 14832 7747 15484 7842 11100 14706 12339 9825 11374 10804 6938 13329 6546 12050 10383 14564 10812 17012 11532 12237 U     
V 2190 8422 17838 19819 15971 10105 1565 8482 21622 22873 5322 12416 17748 24266 8117 2933 8482 17877 18179 22297 11021 V    
W 12871 23134 3654 9842 5189 16367 16683 18807 4742 9588 22698 3749 12318 6621 9123 16084 18417 449 6763 7783 14625 15534 W   
X 17087 8810 9729 2503 9559 9637 18184 9989 7994 3996 10007 16629 4653 5689 20572 16357 10708 11264 7177 6637 7772 15103 12554 X  
Y 18817 12276 3501 4570 8254 13670 20278 16809 3750 1460 15149 11446 6353 1696 15445 20517 13621 6811 4098 2691 13302 20300 6965 5936 Y 
Z 2112 10351 17831 19351 16114 8240 3030 8623 20836 17534 10265 10335 22855 17444 9532 997 8973 14495 19285 19540 14204 3578 13032 16053 16598 Z
